T value inicial: 1245184
Semilla para random: 21
980,3,164,489,979,165,495,28,818,330,494,328,1037,1073,658,666,167,491,169,814,326,166,819,492,981,329,816,490,653,2,1,327,978,815,817,163,493,655,74,654
MejorSolucionFactibilidad: 0.959735
Semilla para random: 22
666,2,329,654,3,1,163,815,490,328,167,1037,655,166,492,978,164,979,653,816,493,817,981,330,1073,980,814,494,165,495,74,326,28,818,658,819,169,327,489,491
MejorSolucionFactibilidad: 1.063249
Semilla para random: 23
980,493,1,815,654,2,978,490,658,819,167,330,655,816,28,495,1073,494,166,326,1037,328,814,818,666,169,653,3,327,164,163,329,981,817,165,491,979,489,74,492
MejorSolucionFactibilidad: 1.041550
Semilla para random: 24
165,979,978,167,495,166,328,326,169,2,490,491,327,330,28,818,1037,658,653,815,493,654,816,489,817,163,329,492,164,819,666,655,814,494,980,3,981,74,1073,1
MejorSolucionFactibilidad: 1.016365
Semilla para random: 25
818,666,74,980,489,326,1,491,653,493,495,1037,28,494,167,328,814,819,166,981,164,817,165,329,163,490,654,3,978,327,330,1073,655,169,658,492,979,2,815,816
MejorSolucionFactibilidad: 0.950444
Semilla para random: 26
491,980,167,328,28,819,978,817,818,658,74,494,653,495,814,1073,655,329,1,815,327,166,169,666,330,1037,326,492,490,493,163,816,489,979,654,981,165,164,2,3
MejorSolucionFactibilidad: 1.053975
Semilla para random: 27
28,655,330,814,818,980,1073,164,74,167,979,653,1,981,493,163,816,819,326,495,329,491,3,654,2,490,489,165,978,327,492,328,166,494,1037,658,169,666,817,815
MejorSolucionFactibilidad: 1.093857
Semilla para random: 28
1073,819,28,167,490,978,329,492,815,817,653,494,328,655,814,495,326,330,74,493,164,980,666,981,3,165,163,654,1,166,1037,169,491,979,2,816,658,818,327,489
MejorSolucionFactibilidad: 1.079663
Semilla para random: 29
816,491,326,814,169,1073,328,28,74,166,666,489,978,165,981,3,330,658,979,815,163,2,329,492,819,493,653,654,490,167,495,1037,655,818,164,980,327,1,817,494
MejorSolucionFactibilidad: 1.073212
Semilla para random: 30
328,74,489,653,167,326,814,28,819,655,980,492,2,816,654,978,3,981,979,658,165,163,815,1,495,494,327,491,817,666,490,493,329,164,1037,169,1073,330,818,166
MejorSolucionFactibilidad: 1.024115
