T value inicial: 1245184
Semilla para random: 41
491,666,328,816,817,492,981,164,979,653,163,167,495,658,326,494,814,1037,1073,815,2,978,3,327,169,490,493,165,654,329,1,489,980,166,818,28,655,74,819,330
MejorSolucionFactibilidad: 1.037267
Semilla para random: 42
981,28,326,328,1037,166,655,494,167,1073,330,169,495,2,327,490,654,489,666,818,658,814,3,329,816,165,164,979,817,653,819,74,980,815,491,1,163,493,492,978
MejorSolucionFactibilidad: 1.028423
Semilla para random: 43
666,28,166,818,1073,164,654,979,327,2,978,3,653,489,491,814,169,1037,326,330,494,492,1,328,819,658,817,816,981,74,655,980,163,165,493,490,815,329,495,167
MejorSolucionFactibilidad: 1.026085
Semilla para random: 44
164,167,494,328,655,819,330,658,28,169,492,814,1073,654,2,490,815,978,817,493,329,1,666,1037,495,816,3,491,163,979,981,653,166,980,818,326,74,327,489,165
MejorSolucionFactibilidad: 1.050914
Semilla para random: 45
981,74,980,819,655,818,658,1037,1073,326,666,329,163,493,979,814,166,816,1,167,2,165,653,654,490,489,492,491,327,164,494,495,328,28,330,169,815,3,817,978
MejorSolucionFactibilidad: 0.960895
Semilla para random: 46
979,163,654,2,329,167,981,978,491,169,655,816,815,817,165,492,818,666,819,328,166,1037,494,28,330,1073,3,489,493,164,653,490,1,327,74,980,326,495,814,658
MejorSolucionFactibilidad: 1.012572
Semilla para random: 47
494,490,164,493,817,74,979,495,326,328,28,166,980,816,978,169,818,1037,163,2,329,819,330,814,1073,666,655,658,167,653,1,327,489,3,165,491,654,815,981,492
MejorSolucionFactibilidad: 1.093579
Semilla para random: 48
818,819,28,326,163,817,978,3,329,493,1,654,490,489,981,491,666,166,979,494,814,167,653,164,165,2,815,816,1037,492,327,980,328,330,655,74,1073,495,658,169
MejorSolucionFactibilidad: 1.076935
Semilla para random: 49
492,3,491,2,493,816,653,329,815,490,328,495,654,978,163,489,28,1037,167,979,166,330,666,658,980,164,494,327,981,817,165,1,74,814,818,326,1073,819,169,655
MejorSolucionFactibilidad: 1.016039
Semilla para random: 50
2,489,329,981,654,979,815,1,978,163,164,493,490,816,3,655,167,166,169,326,980,666,1073,819,74,1037,818,658,492,817,165,491,495,328,494,327,653,28,814,330
MejorSolucionFactibilidad: 1.010564
