T value inicial: 1245184
Semilla para random: 11
167,658,74,164,163,653,492,327,489,491,980,494,1037,28,818,166,2,816,165,490,819,493,817,1,495,328,655,666,1073,326,169,814,330,981,815,3,978,654,329,979
MejorSolucionFactibilidad: 0.984231
Semilla para random: 12
814,494,492,979,163,816,815,1,981,165,980,3,1037,167,491,166,328,817,493,654,2,489,329,978,653,490,74,658,818,819,169,495,164,326,330,1073,666,28,655,327
MejorSolucionFactibilidad: 1.061859
Semilla para random: 13
666,818,981,329,653,2,163,490,817,3,492,816,978,493,165,819,980,327,74,658,495,326,169,1073,1037,28,655,330,494,166,328,1,167,814,815,489,491,164,654,979
MejorSolucionFactibilidad: 0.975967
Semilla para random: 14
653,3,329,817,495,818,658,74,494,328,655,166,327,814,330,2,163,490,654,979,981,1,493,980,978,492,165,491,489,164,326,666,1073,1037,815,816,819,28,169,167
MejorSolucionFactibilidad: 1.043440
Semilla para random: 15
495,329,816,653,167,327,164,490,163,489,491,981,165,3,979,978,666,1073,658,166,328,326,980,494,1037,28,814,493,654,655,817,1,815,2,492,330,819,818,74,169
MejorSolucionFactibilidad: 1.058813
Semilla para random: 16
491,165,489,163,164,327,814,330,818,819,28,169,74,328,1073,167,326,495,658,492,493,2,978,1037,655,166,980,490,654,329,815,1,816,817,3,981,979,666,494,653
MejorSolucionFactibilidad: 1.040006
Semilla para random: 17
326,814,74,495,1037,28,166,327,818,819,666,1073,169,817,493,330,655,658,815,2,494,164,981,816,163,978,329,328,167,1,654,490,492,3,489,653,979,980,491,165
MejorSolucionFactibilidad: 1.085682
Semilla para random: 18
28,658,980,817,981,493,653,163,490,491,330,818,1073,666,655,1037,169,816,2,165,329,819,814,494,495,1,3,978,164,492,327,326,654,815,979,489,167,328,74,166
MejorSolucionFactibilidad: 0.998861
Semilla para random: 19
28,666,658,655,1037,330,818,494,326,328,1073,814,2,979,327,329,493,981,819,169,495,815,978,491,816,164,165,492,817,489,980,3,490,1,163,653,74,166,167,654
MejorSolucionFactibilidad: 0.948907
Semilla para random: 20
979,816,978,495,328,330,980,655,1037,74,494,326,28,167,492,1,493,165,654,981,653,163,2,329,815,164,490,3,491,817,489,1073,327,658,666,814,169,819,166,818
MejorSolucionFactibilidad: 0.996558
