T value inicial: 1245184
Semilla para random: 31
330,3,817,653,816,493,163,1,815,490,329,165,978,2,492,654,164,979,981,167,326,814,818,28,1037,655,666,658,169,328,495,166,327,489,494,980,74,819,1073,491
MejorSolucionFactibilidad: 0.887422
Semilla para random: 32
165,654,653,489,817,980,491,327,492,979,493,329,330,819,818,666,169,164,490,816,655,1073,28,166,167,328,814,494,978,981,495,658,1037,815,3,74,326,2,163,1
MejorSolucionFactibilidad: 1.093128
Semilla para random: 33
1037,1073,816,981,164,326,658,165,2,329,815,814,655,978,327,74,1,163,653,490,3,980,492,493,979,654,817,489,491,166,328,28,666,818,819,169,167,495,494,330
MejorSolucionFactibilidad: 1.095058
Semilla para random: 34
329,979,2,981,491,817,490,654,164,3,816,165,489,818,980,167,495,658,74,28,166,1073,666,819,169,655,328,326,327,494,330,1,493,1037,814,978,492,815,653,163
MejorSolucionFactibilidad: 1.095881
Semilla para random: 35
1037,819,74,492,165,3,818,980,326,814,167,328,169,658,330,489,815,979,981,166,655,494,327,163,493,495,28,164,491,817,490,653,978,329,1,2,654,816,666,1073
MejorSolucionFactibilidad: 1.063667
Semilla para random: 36
815,492,666,28,330,978,165,653,979,167,494,980,74,3,491,327,819,1037,1073,490,1,329,2,654,981,163,489,495,814,816,493,164,817,169,818,326,328,166,658,655
MejorSolucionFactibilidad: 1.069707
Semilla para random: 37
167,653,494,495,328,2,493,817,979,666,819,658,28,330,814,655,163,165,492,654,1,490,815,978,329,1037,818,1073,164,491,489,327,980,981,326,169,166,74,3,816
MejorSolucionFactibilidad: 1.075455
Semilla para random: 38
666,28,166,164,815,979,327,3,978,490,493,654,491,980,330,814,818,1073,1037,658,326,495,167,489,74,169,655,819,1,494,329,328,163,2,817,816,165,492,653,981
MejorSolucionFactibilidad: 1.072200
Semilla para random: 39
495,490,491,492,980,981,2,817,1,326,1073,655,166,1037,328,169,330,814,818,28,658,978,329,3,493,815,979,816,653,494,666,819,167,163,164,327,74,165,489,654
MejorSolucionFactibilidad: 1.006916
Semilla para random: 40
163,490,2,330,1073,655,491,980,658,489,817,164,979,815,493,166,28,1,492,167,328,814,494,1037,169,495,666,326,819,818,74,3,816,654,329,978,165,653,981,327
MejorSolucionFactibilidad: 1.061308
