T value inicial: 1245184
Semilla para random: 1
1073,74,817,489,165,3,329,666,658,327,1,495,814,494,1037,169,981,978,328,167,2,653,979,980,164,492,654,490,493,816,491,655,28,166,330,818,819,326,815,163
MejorSolucionFactibilidad: 1.033359
Semilla para random: 2
74,1073,494,979,327,654,2,490,329,495,814,328,655,819,981,653,817,166,818,980,493,164,165,3,978,489,492,491,815,816,163,666,1037,167,169,330,326,28,658,1
MejorSolucionFactibilidad: 1.052467
Semilla para random: 3
818,655,74,815,654,1,491,489,2,653,979,327,28,658,492,163,1073,666,330,166,169,980,164,817,981,816,328,495,494,814,819,326,1037,3,165,329,490,978,493,167
MejorSolucionFactibilidad: 1.014358
Semilla para random: 4
3,327,492,979,815,978,493,653,2,490,654,816,495,491,981,163,164,329,165,167,655,494,1037,169,330,980,74,328,326,658,1073,819,818,666,814,166,28,817,489,1
MejorSolucionFactibilidad: 0.951777
Semilla para random: 5
166,978,492,980,1,2,493,981,491,164,654,816,815,817,28,330,328,814,494,655,666,163,653,979,327,489,329,490,165,818,819,495,167,326,1037,658,169,74,3,1073
MejorSolucionFactibilidad: 1.005813
Semilla para random: 6
328,814,818,28,1073,164,658,819,330,167,326,74,327,666,494,817,981,493,2,653,979,1,980,491,495,655,492,169,166,1037,489,978,3,329,490,816,163,815,165,654
MejorSolucionFactibilidad: 1.022754
Semilla para random: 7
329,493,979,654,815,165,489,981,3,327,491,814,818,1037,495,167,328,330,494,980,978,653,492,816,490,1,817,819,74,166,164,2,326,655,666,28,169,1073,658,163
MejorSolucionFactibilidad: 1.006166
Semilla para random: 8
492,491,978,165,979,654,328,169,494,980,815,495,814,666,658,330,166,167,74,490,493,489,164,163,653,816,1,817,327,981,2,329,3,1073,655,819,28,818,1037,326
MejorSolucionFactibilidad: 0.944747
Semilla para random: 9
494,980,1037,167,326,492,329,74,814,169,817,28,818,328,495,658,165,981,978,491,2,164,327,666,819,1073,330,166,655,816,815,1,489,163,493,979,3,654,653,490
MejorSolucionFactibilidad: 1.094211
Semilla para random: 10
817,493,981,163,653,979,1,815,494,74,165,3,329,816,489,491,978,2,654,490,164,1073,658,818,328,327,28,819,1037,666,814,167,492,326,330,655,495,166,980,169
MejorSolucionFactibilidad: 0.993124
