Semilla para random: 0
T value inicial: 114688
1,829,832,661,657,663,508,986,9,168,505,19,839,182,172,496,329,509,493,979,668,176,23,352,978,5,6,1004,351,991,185,490,344,653,7,823,678,816,187,982,14,181,332,345,654,26,820,27,990,171,483,1075,652,179,75,489,25,492,17,444,826,336,980,74,658,666,818,655,819,28,330,1073,169,326,328,495,167,494,814,1037,166,1001,822,151,828,12,183,346,821,512,671,16,520,186,675,339,1038,502,340,297,840,350,670,327,511,504,500,825,20,660,510,343,985,674,334,999,662,8,837,995,331,349,1003,11,164,501,984,491,499,347,817,4,174,988,165,3,333,981,22,676,665,163,673,173,815,184,667,656,2,507
MejorSolucionFactibilidad: 0.177023
Semilla para random: 1
T value inicial: 114688
151,828,1038,12,502,340,520,16,183,75,346,171,652,483,1075,821,512,179,671,186,675,339,17,489,4,1004,351,22,26,820,654,653,344,490,676,665,673,2,173,815,839,19,496,182,172,163,493,979,995,331,343,510,660,20,670,327,511,350,840,336,297,822,166,1073,330,169,1037,326,328,167,495,494,814,28,819,655,818,666,658,74,1001,980,826,444,164,11,501,25,492,499,347,817,668,176,23,352,978,5,6,988,165,174,491,984,349,1003,334,504,500,825,985,674,999,662,8,837,509,329,986,508,663,657,832,661,829,1,9,168,505,184,667,656,507,7,823,678,816,187,982,14,181,345,332,991,185,981,3,333,27,990
MejorSolucionFactibilidad: 0.181172
Semilla para random: 2
T value inicial: 114688
344,653,507,656,667,184,815,839,496,19,505,168,508,986,1,829,657,663,661,832,9,2,173,172,182,673,665,490,26,820,345,332,181,14,982,187,816,678,823,7,654,676,163,329,509,493,979,837,674,985,500,825,343,510,660,20,670,511,826,444,339,675,186,520,16,671,179,1075,483,652,171,346,183,512,821,75,17,492,25,489,4,174,165,3,981,333,990,27,991,185,22,351,1004,988,5,6,978,352,668,176,23,817,347,499,491,501,164,11,1003,349,984,995,331,662,8,999,334,504,327,350,840,336,980,297,340,502,1038,12,828,151,822,1001,74,658,666,818,655,166,1037,814,494,495,167,328,326,169,1073,330,819,28
MejorSolucionFactibilidad: 0.162044
Semilla para random: 3
T value inicial: 114688
671,179,512,821,1075,483,652,171,346,75,183,16,520,186,675,340,502,12,339,826,444,17,164,11,1003,349,995,979,493,163,172,182,173,673,665,490,351,981,174,4,489,25,492,491,501,334,674,985,500,825,20,660,510,980,297,336,840,350,670,327,504,343,999,8,662,331,984,499,347,817,23,176,668,352,978,5,6,1004,988,165,3,333,990,27,991,185,22,676,344,653,654,26,820,345,332,181,14,982,187,816,678,823,7,507,2,656,667,184,815,505,168,508,986,1,829,657,663,661,832,9,839,496,19,329,509,837,511,1001,166,655,819,28,330,169,814,326,328,167,495,494,1037,1073,818,666,658,74,822,151,828,1038
MejorSolucionFactibilidad: 0.180274
Semilla para random: 4
T value inicial: 114688
652,483,1075,512,821,75,489,17,164,11,501,25,492,491,499,817,4,174,988,165,3,981,1004,5,6,978,352,668,23,176,347,995,984,1003,349,331,662,999,8,837,979,493,509,329,163,676,490,345,332,181,14,982,187,816,678,823,7,507,184,667,656,2,9,832,661,663,657,829,1,986,508,168,505,19,839,496,182,172,815,173,673,665,344,653,654,820,26,185,22,351,991,333,27,990,171,346,183,179,671,16,339,826,444,334,674,504,511,327,350,1001,74,658,666,818,655,819,28,330,169,328,326,814,1037,1073,166,822,151,828,502,1038,12,520,186,675,340,297,980,336,840,670,825,500,985,343,20,660,510,494,495,167
MejorSolucionFactibilidad: 41092.442816
Semilla para random: 5
T value inicial: 122880
350,511,327,670,504,334,1003,349,995,984,11,840,336,980,297,822,666,818,1073,330,28,819,655,658,74,828,12,1038,502,340,675,339,826,444,17,164,501,25,492,491,499,347,817,23,176,668,352,981,332,345,14,181,982,187,816,678,823,7,654,490,26,820,991,27,990,333,3,165,988,978,6,5,1004,351,185,22,676,665,344,653,507,2,9,1,829,661,663,657,832,986,508,168,505,19,839,815,184,667,656,173,673,182,496,172,163,329,509,493,979,837,331,662,8,999,674,985,825,500,343,20,660,510,494,167,495,328,326,814,1037,169,166,1001,151,186,520,16,671,179,512,821,1075,483,652,171,346,75,183,174,4,489
MejorSolucionFactibilidad: 74861.152602
Semilla para random: 6
T value inicial: 114688
171,346,183,75,821,512,652,1075,483,179,671,16,74,658,655,819,28,330,169,814,494,510,660,20,500,343,999,8,662,331,995,837,979,493,509,329,163,172,496,19,9,1,829,661,832,657,663,986,508,168,505,815,173,184,667,656,2,839,182,673,665,490,654,26,820,345,332,181,14,982,187,816,678,823,7,507,653,344,676,22,185,991,27,990,333,981,351,1004,5,6,978,352,668,176,23,988,165,3,174,4,489,817,347,984,349,1003,334,674,985,825,504,511,327,670,350,840,336,980,297,1001,166,1037,495,167,328,326,1073,818,666,822,151,828,12,1038,502,340,444,17,25,492,499,491,501,164,11,826,339,675,186,520
MejorSolucionFactibilidad: 74861.155484
Semilla para random: 7
T value inicial: 114688
28,819,818,666,822,297,980,336,670,825,504,327,511,350,840,74,658,655,1073,330,169,328,167,495,494,326,814,1037,166,1001,510,660,20,500,985,343,999,8,837,979,493,509,329,163,172,182,673,173,2,9,1,829,661,832,657,663,986,508,168,505,19,496,839,815,184,667,656,507,653,7,823,678,816,187,982,14,181,332,345,820,26,654,490,344,665,676,22,185,991,27,333,3,165,174,4,489,75,346,183,821,512,483,1075,652,179,671,186,675,339,17,25,492,491,499,347,817,668,176,23,352,978,6,5,1004,351,988,981,990,171,16,520,151,828,1038,12,502,340,826,444,164,11,501,984,995,331,662,349,1003,334,674
MejorSolucionFactibilidad: 33768.897249
Semilla para random: 8
T value inicial: 122880
27,990,981,988,23,176,668,352,978,6,5,1004,351,22,490,344,653,507,7,823,678,816,187,982,14,181,332,345,820,26,654,173,2,656,832,663,657,661,829,1,986,508,9,168,505,19,496,839,182,172,163,329,509,493,979,837,995,331,662,8,999,343,985,500,674,334,164,11,1003,349,984,501,491,492,25,489,75,346,171,652,483,1075,512,821,183,179,671,16,520,186,675,12,1038,502,340,444,826,511,327,504,825,510,660,20,670,350,840,336,980,297,1001,166,1073,1037,814,326,494,495,167,328,169,330,28,819,655,818,666,658,74,822,151,828,339,17,499,347,817,4,174,165,3,333,991,185,676,665,673,815,184,667
MejorSolucionFactibilidad: 0.171067
Semilla para random: 9
T value inicial: 98304
657,663,832,661,829,1,9,986,508,168,505,19,496,329,509,493,979,837,995,1003,349,331,662,8,999,334,674,985,500,825,660,20,504,327,350,840,74,658,655,330,1073,166,1001,151,828,675,186,520,16,671,179,75,821,512,483,1075,652,171,489,25,492,501,17,444,826,339,1038,12,502,340,183,346,3,981,333,990,27,991,1004,6,5,978,352,23,988,165,174,4,499,491,984,164,11,511,670,336,980,297,822,666,818,819,28,169,1037,814,326,328,495,167,494,510,343,347,817,176,668,351,22,185,26,820,654,653,344,490,676,665,673,163,172,182,839,815,173,2,656,667,184,507,7,823,678,816,187,982,14,181,345,332
MejorSolucionFactibilidad: 74861.163500
Semilla para random: 10
T value inicial: 114688
181,14,982,187,816,678,823,7,507,2,656,667,184,173,172,182,496,329,509,493,979,837,995,331,662,8,999,334,1003,349,984,183,483,1075,652,171,346,75,821,512,179,671,16,520,186,339,822,166,655,819,28,330,169,814,326,328,495,167,494,1037,1073,818,666,658,74,1001,151,828,502,1038,12,675,340,297,980,336,840,350,670,327,511,504,500,825,20,660,510,343,985,674,11,164,444,826,17,501,25,492,491,499,347,817,489,4,174,988,23,176,668,352,978,5,6,1004,351,185,22,26,820,332,345,654,490,653,344,665,673,815,9,1,829,661,832,663,657,986,508,168,505,19,839,163,676,991,27,3,165,981,333,990
MejorSolucionFactibilidad: 0.173167
