Semilla para random: 0
T value inicial: 786432
494,495,167,328,326,814,1037,169,1073,330,28,819,655,818,666,658,166,74,980,327,164,491,492,489,817,978,981,3,165,979,493,329,163,2,816,654,490,653,815,1
MejorSolucionFactibilidad: 0.308331
Semilla para random: 1
T value inicial: 786432
979,493,329,1,815,653,490,654,816,2,163,981,165,3,978,817,489,492,491,164,327,980,74,166,1037,814,494,495,167,328,326,169,1073,330,28,819,655,818,666,658
MejorSolucionFactibilidad: 0.336527
Semilla para random: 2
T value inicial: 786432
492,489,817,978,3,165,981,163,2,816,654,490,653,815,1,329,493,979,491,164,327,980,74,166,658,666,818,655,819,28,330,1073,169,1037,814,326,328,167,495,494
MejorSolucionFactibilidad: 0.332187
Semilla para random: 3
T value inicial: 786432
28,819,330,1073,169,1037,814,326,328,167,495,494,327,489,817,978,3,165,981,163,2,816,654,490,653,1,815,329,493,979,491,492,164,980,74,166,818,655,658,666
MejorSolucionFactibilidad: 205601.337751
Semilla para random: 4
T value inicial: 786432
816,490,654,653,815,1,329,493,979,491,164,327,494,495,167,328,326,1037,814,169,1073,330,28,819,655,658,666,818,166,74,980,492,489,817,978,981,3,165,163,2
MejorSolucionFactibilidad: 205601.330542
Semilla para random: 5
T value inicial: 786432
494,495,167,328,326,1037,814,169,1073,330,28,819,655,818,666,658,166,74,980,327,164,491,492,489,979,493,329,1,815,653,490,654,816,2,163,165,3,981,978,817
MejorSolucionFactibilidad: 0.332675
Semilla para random: 6
T value inicial: 786432
658,666,818,655,819,28,330,169,328,167,495,494,326,814,1037,1073,166,74,980,327,164,491,492,489,979,493,329,1,815,653,490,654,816,2,163,981,3,165,817,978
MejorSolucionFactibilidad: 0.351195
Semilla para random: 7
T value inicial: 786432
494,495,167,328,326,814,1037,169,1073,330,28,819,655,818,666,658,166,74,980,327,164,491,492,489,817,978,329,1,815,653,490,654,816,981,3,165,979,493,163,2
MejorSolucionFactibilidad: 0.343568
Semilla para random: 8
T value inicial: 786432
1,815,653,490,654,816,2,163,329,493,979,165,3,978,981,817,489,491,492,164,327,980,74,166,1073,330,169,1037,326,328,495,167,494,814,28,819,655,818,658,666
MejorSolucionFactibilidad: 0.349555
Semilla para random: 9
T value inicial: 786432
169,326,328,495,167,494,327,164,979,493,329,1,815,653,490,654,816,2,163,165,3,981,978,817,489,492,491,980,74,166,658,666,818,655,819,28,330,1073,814,1037
MejorSolucionFactibilidad: 205601.335258
Semilla para random: 10
T value inicial: 786432
1,815,653,490,654,816,2,163,329,493,979,165,3,981,978,817,489,492,491,164,327,980,74,166,1073,1037,814,326,494,495,167,328,169,330,28,819,655,818,666,658
MejorSolucionFactibilidad: 0.330156
